{
  "labels": [
    "d_home",
    "d_last",
    "ratio",
    "rep_ret",
    "chip",
    "pin",
    "online",
    "fraud"
  ],
  "matrix": [
    [
      1.0,
      0.000193,
      -0.001374,
      0.143124,
      -0.000697,
      -0.001622,
      -0.001301,
      0.187571
    ],
    [
      0.000193,
      1.0,
      0.001013,
      -0.000928,
      0.002055,
      -0.000899,
      0.000141,
      0.091917
    ],
    [
      -0.001374,
      0.001013,
      1.0,
      0.001374,
      0.000587,
      0.000942,
      -0.00033,
      0.462305
    ],
    [
      0.143124,
      -0.000928,
      0.001374,
      1.0,
      -0.001345,
      -0.000417,
      -0.000532,
      -0.001357
    ],
    [
      -0.000697,
      0.002055,
      0.000587,
      -0.001345,
      1.0,
      -0.001393,
      -0.000219,
      -0.060975
    ],
    [
      -0.001622,
      -0.000899,
      0.000942,
      -0.000417,
      -0.001393,
      1.0,
      -0.000291,
      -0.100293
    ],
    [
      -0.001301,
      0.000141,
      -0.00033,
      -0.000532,
      -0.000219,
      -0.000291,
      1.0,
      0.191973
    ],
    [
      0.187571,
      0.091917,
      0.462305,
      -0.001357,
      -0.060975,
      -0.100293,
      0.191973,
      1.0
    ]
  ]
}